1 Иванов Вадим Петрович 12345 5 4 5 3 4
2 Петров Дмитррий Сергеевич 23456 4 3 4 5 3
3 Сидоров Артём Дмитриевич 34567 5 5 5 4 4
4 Смирнов Алексей Иванович 45678 4 5 4 3 5 
5 Кузнецов Сергей Алексеевич 56789 3 4 5 4 3 
6 Попов Владимир Сергеевич 67890 5 3 4 5 4 
7 Васильев Денис Владимирович 78901 4 5 3 4 5 
8 Павлов Иван Денисович 89012 3 4 5 3 4 
9 Семенов Александр Иванович 90123 5 4 3 5 4 
10 Горбачев Михаил Сергеевич 12345 4 3 5 4 3 
11 Родионов Евгений Владимирович 23456 5 4 3 4 5 
12 Борисов Антон Денисович 34567 3 5 4 3 4 
13 Федоров Илья Александрович 45678 4 3 5 4 3